# Created by Octave 4.0.0, Tue Oct 31 15:46:59 2017 IST <bhumihar@bhumihar-Inspiron-3542>
# name: Theta2
# type: matrix
# rows: 10
# columns: 26
 7.178832698921108 -0.6143223337987871 -0.6143223337987871 -0.6143223337987871 -0.6143223337987871 -1.587685233822445 -1.587685233822445 -1.587685233822445 -0.6143223337987871 -0.6143223337987871 -0.6143223337987871 -0.6143223337987871 -1.587685233822445 -1.587685233822445 -0.6143223337987871 -0.6143223337987871 -0.6143223337987871 -0.6143223337987871 -1.587685233822445 -1.587685233822445 -0.6143223337987871 -0.6143223337987871 -0.6143223337987871 -0.6143223337987871 -5.16084353756185 -5.16084353756185
 -4.044432631175003 0.4881305011728228 0.4881305011728228 0.4881305011728228 0.4881305011728228 -0.9747935050381495 -0.9747935050381495 -0.9747935050381495 0.4881305011728228 0.4881305011728228 0.4881305011728228 0.4881305011728228 -0.9747935050381495 -0.9747935050381495 0.4881305011728228 0.4881305011728228 0.4881305011728228 0.4881305011728228 -0.9747935050381495 -0.9747935050381495 0.4881305011728228 0.4881305011728228 0.4881305011728228 0.4881305011728228 -3.434171147872158 -3.434171147872158
 -10.12722731138572 0.415232908015168 0.415232908015168 0.415232908015168 0.415232908015168 0.9595980320161991 0.9595980320161991 0.9595980320161991 0.415232908015168 0.415232908015168 0.415232908015168 0.415232908015168 0.9595980320161991 0.9595980320161991 0.415232908015168 0.415232908015168 0.415232908015168 0.415232908015168 0.9595980320161991 0.9595980320161991 0.415232908015168 0.415232908015168 0.415232908015168 0.415232908015168 -3.187445099715867 -3.187445099715867
 -2.792508398097197 -0.6006574217757235 -0.6006574217757235 -0.6006574217757235 -0.6006574217757235 -1.345241963036935 -1.345241963036935 -1.345241963036935 -0.6006574217757235 -0.6006574217757235 -0.6006574217757235 -0.6006574217757235 -1.345241963036935 -1.345241963036935 -0.6006574217757235 -0.6006574217757235 -0.6006574217757235 -0.6006574217757235 -1.345241963036935 -1.345241963036935 -0.6006574217757235 -0.6006574217757235 -0.6006574217757235 -0.6006574217757235 4.357943393034039 4.357943393034039
 -6.977398521180967 0.1814731146903508 0.1814731146903508 0.1814731146903508 0.1814731146903508 0.1191768958271395 0.1191768958271395 0.1191768958271395 0.1814731146903508 0.1814731146903508 0.1814731146903508 0.1814731146903508 0.1191768958271395 0.1191768958271395 0.1814731146903508 0.1814731146903508 0.1814731146903508 0.1814731146903508 0.1191768958271395 0.1191768958271395 0.1814731146903508 0.1814731146903508 0.1814731146903508 0.1814731146903508 1.309507028126117 1.309507028126117
 -9.449734845212197 0.356079587171583 0.356079587171583 0.356079587171583 0.356079587171583 -3.789340546237388 -3.789340546237388 -3.789340546237388 0.356079587171583 0.356079587171583 0.356079587171583 0.356079587171583 -3.789340546237388 -3.789340546237388 0.356079587171583 0.356079587171583 0.356079587171583 0.356079587171583 -3.789340546237388 -3.789340546237388 0.356079587171583 0.356079587171583 0.356079587171583 0.356079587171583 3.329693120026959 3.329693120026959
 -4.52573058393787 -0.5498808456364149 -0.5498808456364149 -0.5498808456364149 -0.5498808456364149 1.26114740468023 1.26114740468023 1.26114740468023 -0.5498808456364149 -0.5498808456364149 -0.5498808456364149 -0.5498808456364149 1.26114740468023 1.26114740468023 -0.5498808456364149 -0.5498808456364149 -0.5498808456364149 -0.5498808456364149 1.26114740468023 1.26114740468023 -0.5498808456364149 -0.5498808456364149 -0.5498808456364149 -0.5498808456364149 -2.825183811216737 -2.825183811216737
 -4.52000425468414 0.14005298120095 0.14005298120095 0.14005298120095 0.14005298120095 -0.1267640151875745 -0.1267640151875745 -0.1267640151875745 0.14005298120095 0.14005298120095 0.14005298120095 0.14005298120095 -0.1267640151875745 -0.1267640151875745 0.14005298120095 0.14005298120095 0.14005298120095 0.14005298120095 -0.1267640151875745 -0.1267640151875745 0.14005298120095 0.14005298120095 0.14005298120095 0.14005298120095 0.7025397748294225 0.7025397748294225
 -9.366208194512042 -0.3689357085100852 -0.3689357085100852 -0.3689357085100852 -0.3689357085100852 0.8645883257889506 0.8645883257889506 0.8645883257889506 -0.3689357085100852 -0.3689357085100852 -0.3689357085100852 -0.3689357085100852 0.8645883257889506 0.8645883257889506 -0.3689357085100852 -0.3689357085100852 -0.3689357085100852 -0.3689357085100852 0.8645883257889506 0.8645883257889506 -0.3689357085100852 -0.3689357085100852 -0.3689357085100852 -0.3689357085100852 3.008679701027884 3.008679701027884
 -25.1427897579882 0.6776967048994975 0.6776967048994975 0.6776967048994975 0.6776967048994975 1.483271887151708 1.483271887151708 1.483271887151708 0.6776967048994975 0.6776967048994975 0.6776967048994975 0.6776967048994975 1.483271887151708 1.483271887151708 0.6776967048994975 0.6776967048994975 0.6776967048994975 0.6776967048994975 1.483271887151708 1.483271887151708 0.6776967048994975 0.6776967048994975 0.6776967048994975 0.6776967048994975 3.023684507069735 3.023684507069735


